60, 237
60, 236
60, 235
60, 234
61, 234
61, 233
61, 232
61, 231
61, 230
61, 229
61, 228
61, 227
61, 226
61, 225
61, 224
62, 224
62, 223
62, 222
62, 221
62, 222
62, 221
62, 220
62, 219
62, 218
62, 217
62, 216
62, 215
62, 214
62, 213
63, 213
63, 212
63, 211
63, 210
63, 209
63, 208
63, 207
63, 206
63, 205
64, 205
64, 204
64, 203
64, 202
64, 201
64, 200
64, 199
64, 198
65, 198
65, 197
65, 196
65, 195
65, 194
65, 193
66, 193
66, 192
66, 191
66, 190
66, 189
67, 189
67, 188
67, 187
67, 186
68, 186
68, 185
68, 184
68, 183
69, 183
69, 182
69, 181
69, 180
70, 180
70, 179
70, 178
70, 177
71, 177
71, 176
71, 175
72, 175
72, 174
72, 173
72, 172
73, 172
73, 171
73, 170
74, 170
74, 169
74, 168
75, 168
75, 167
75, 166
76, 166
76, 165
76, 164
77, 164
77, 163
77, 162
78, 162
78, 161
78, 160
79, 160
79, 159
79, 158
80, 158
80, 157
81, 157
81, 156
81, 155
82, 155
82, 154
82, 153
83, 153
83, 152
84, 152
84, 151
84, 150
85, 150
85, 149
86, 149
86, 148
87, 148
87, 147
87, 146
88, 146
88, 145
89, 145
89, 144
90, 144
90, 143
90, 142
91, 142
91, 141
92, 141
92, 140
93, 140
93, 139
94, 139
94, 138
95, 138
95, 137
96, 137
96, 136
97, 136
97, 135
98, 135
98, 134
99, 134
99, 133
100, 133
100, 132
101, 132
101, 131
102, 131
102, 130
103, 130
103, 129
104, 129
105, 129
105, 128
106, 128
106, 127
107, 127
107, 126
108, 126
109, 126
109, 125
110, 125
110, 124
111, 124
112, 124
112, 123
113, 123
114, 123
114, 122
115, 122
115, 121
116, 121
117, 121
117, 120
118, 120
119, 120
120, 120
120, 119
121, 119
122, 119
123, 119
123, 118
124, 118
125, 118
126, 118
127, 118
128, 118
128, 117
129, 117
130, 117
131, 117
132, 117
133, 117
134, 117
135, 117
136, 117
137, 117
138, 117
139, 117
140, 117
140, 118
141, 118
141, 119
142, 119
142, 120
143, 120
143, 121
143, 122
144, 122
144, 123
144, 124
144, 125
145, 125
145, 126
145, 127
145, 128
145, 129
145, 130
145, 131
145, 132
145, 133
145, 134
145, 135
145, 136
145, 137
145, 138
145, 139
145, 140
144, 140
144, 141
144, 142
144, 143
144, 144
144, 145
144, 146
144, 147
143, 147
143, 148
143, 149
143, 150
143, 151
142, 151
142, 152
142, 153
142, 154
141, 154
141, 155
141, 156
140, 156
140, 157
140, 158
140, 159
139, 159
139, 160
139, 161
138, 161
138, 162
138, 163
137, 163
137, 164
136, 164
136, 165
136, 166
135, 166
135, 167
135, 168
134, 168
134, 169
133, 169
133, 170
133, 171
132, 171
132, 172
131, 172
131, 173
131, 174
130, 174
130, 175
129, 175
129, 176
129, 177
128, 177
128, 178
127, 178
127, 179
127, 178
128, 178
128, 177
129, 177
129, 176
130, 176
130, 175
131, 175
132, 175
132, 174
133, 174
133, 173
133, 172
134, 172
134, 171
135, 171
135, 170
136, 170
136, 169
137, 169
137, 168
138, 168
138, 167
139, 167
139, 166
140, 166
140, 165
141, 165
141, 164
142, 164
142, 163
143, 163
143, 162
144, 162
144, 161
145, 161
145, 160
146, 160
147, 160
147, 159
148, 159
148, 158
149, 158
150, 158
150, 157
151, 157
151, 156
152, 156
153, 156
153, 155
154, 155
155, 155
155, 154
156, 154
157, 154
157, 153
158, 153
159, 153
160, 153
161, 153
162, 153
162, 152
163, 152
164, 152
165, 152
166, 152
167, 152
168, 152
169, 152
170, 152
171, 152
172, 152
173, 152
173, 153
174, 153
175, 153
175, 154
176, 154
176, 155
177, 155
177, 156
178, 156
178, 157
179, 157
179, 158
180, 158
180, 159
180, 160
181, 160
181, 161
181, 162
181, 163
181, 164
182, 164
182, 165
182, 166
182, 167
182, 168
182, 169
182, 170
183, 170
183, 171
183, 172
183, 173
183, 174
183, 175
183, 176
183, 177
183, 178
183, 179
183, 180
183, 181
183, 182
183, 183
183, 184
183, 185
183, 186
183, 187
183, 188
183, 189
183, 190
183, 191
183, 192
183, 193
183, 194
183, 195
183, 196
183, 197
183, 198
182, 198
182, 199
182, 200
182, 201
182, 202
181, 202
181, 203
181, 204
181, 205
180, 205
180, 206
180, 207
179, 207
179, 208
179, 209
178, 209
178, 210
177, 210
177, 211
177, 212
176, 212
176, 213
175, 213
175, 214
174, 214
174, 215
173, 215
173, 216
172, 216
172, 217
171, 217
171, 218
170, 218
170, 219
169, 219
168, 219
168, 220
167, 220
167, 221
166, 221
165, 221
165, 222
164, 222
163, 222
163, 223
162, 223
161, 223
161, 224
160, 224
159, 224
159, 225
158, 225
157, 225
156, 225
155, 225
155, 226
154, 226
153, 226
152, 226
151, 226
150, 226
150, 227
149, 227
148, 227
147, 227
146, 227
145, 227
144, 227
143, 227
142, 227
142, 228
141, 228
140, 228
139, 228
138, 228
137, 228
136, 228
135, 228
134, 228
133, 228
132, 228
131, 228
130, 228
129, 228
128, 228
127, 228
126, 228
125, 228
124, 228
123, 228
122, 228
121, 228
120, 228
119, 228
118, 228
117, 228
116, 228
115, 228
114, 228
113, 228
112, 228
111, 228
110, 228
109, 228
108, 228
107, 228
106, 228
105, 228
104, 228
103, 228
102, 228
101, 228
100, 228
99, 228
99, 229
98, 229
97, 229
96, 229
95, 229
94, 229
93, 229
92, 229
92, 230
91, 230
90, 230
89, 230
88, 230
87, 230
87, 231
86, 231
85, 231
84, 231
83, 231
83, 232
82, 232
81, 232
80, 232
79, 232
79, 233
78, 233
77, 233
76, 233
76, 234
75, 234
74, 234
73, 234
73, 235
72, 235
71, 235
70, 235
70, 236
69, 236
68, 236
68, 237
67, 237
66, 237
66, 238
65, 238
64, 238
64, 239
63, 239
62, 239
62, 240
63, 240
