697, 508
698, 508
699, 508
700, 508
700, 507
701, 507
702, 507
703, 507
703, 506
704, 506
705, 506
706, 506
706, 505
707, 505
708, 505
708, 504
709, 504
710, 504
711, 504
711, 503
712, 503
713, 503
713, 502
714, 502
715, 502
716, 502
716, 501
717, 501
718, 501
719, 501
719, 500
720, 500
721, 500
722, 500
722, 499
723, 499
724, 499
724, 498
725, 498
726, 498
727, 498
728, 498
729, 498
730, 498
731, 498
732, 498
733, 498
734, 498
735, 498
736, 498
737, 498
738, 498
738, 499
739, 499
740, 499
741, 499
742, 499
742, 500
743, 500
744, 500
744, 501
745, 501
746, 501
746, 502
747, 502
748, 502
748, 503
749, 503
749, 504
750, 504
751, 504
751, 505
751, 506
752, 506
752, 507
752, 508
753, 508
753, 509
753, 510
754, 510
754, 511
754, 512
754, 513
754, 514
754, 515
754, 516
754, 517
754, 518
754, 519
754, 520
754, 521
753, 521
753, 522
753, 523
753, 524
753, 525
753, 526
753, 527
752, 527
752, 528
752, 529
752, 530
751, 530
751, 531
751, 532
750, 532
750, 533
749, 533
749, 534
749, 535
748, 535
748, 536
747, 536
747, 537
746, 537
746, 538
746, 539
745, 539
745, 540
744, 540
744, 541
743, 541
743, 542
743, 543
742, 543
742, 544
741, 544
741, 545
740, 545
740, 546
740, 547
739, 547
739, 548
738, 548
738, 549
737, 549
737, 550
736, 550
736, 551
736, 552
735, 552
735, 553
734, 553
734, 554
733, 554
733, 555
732, 555
732, 556
731, 556
731, 557
731, 558
730, 558
730, 559
729, 559
729, 560
728, 560
728, 561
727, 561
727, 562
727, 563
726, 563
726, 564
725, 564
725, 565
724, 565
724, 566
723, 566
723, 567
722, 567
722, 568
721, 568
721, 569
720, 569
720, 570
719, 570
719, 571
718, 571
718, 572
717, 572
717, 573
716, 573
716, 574
715, 574
715, 575
715, 576
714, 576
714, 577
713, 577
713, 578
712, 578
712, 579
711, 579
711, 580
710, 580
710, 581
709, 581
709, 582
708, 582
708, 583
707, 583
707, 584
706, 584
706, 585
705, 585
705, 586
704, 586
704, 587
703, 587
703, 588
702, 588
702, 589
701, 589
701, 590
700, 590
700, 591
699, 591
699, 592
698, 592
698, 593
697, 593
697, 594
696, 594
696, 595
695, 595
695, 596
694, 596
694, 597
693, 597
693, 598
692, 598
691, 598
691, 599
690, 599
690, 600
689, 600
689, 601
688, 601
688, 602
687, 602
686, 602
686, 603
685, 603
685, 604
684, 604
684, 605
683, 605
682, 605
682, 606
681, 606
681, 607
680, 607
679, 607
679, 608
678, 608
678, 609
677, 609
677, 610
676, 610
675, 610
675, 611
674, 611
674, 612
673, 612
672, 612
672, 613
671, 613
670, 613
670, 614
669, 614
668, 614
668, 615
667, 615
667, 616
666, 616
665, 616
665, 617
664, 617
663, 617
663, 618
662, 618
661, 618
661, 619
660, 619
659, 619
659, 620
658, 620
657, 620
657, 621
656, 621
655, 621
654, 621
654, 622
653, 622
652, 622
652, 623
651, 623
650, 623
649, 623
649, 624
648, 624
647, 624
647, 625
646, 625
645, 625
644, 625
644, 626
643, 626
642, 626
641, 626
641, 627
640, 627
639, 627
638, 627
638, 628
637, 628
636, 628
635, 628
635, 629
634, 629
633, 629
632, 629
632, 630
631, 630
630, 630
629, 630
629, 631
628, 631
627, 631
626, 631
626, 632
625, 632
624, 632
623, 632
622, 632
622, 633
621, 633
620, 633
619, 633
618, 633
618, 634
617, 634
616, 634
615, 634
614, 634
613, 634
613, 635
612, 635
611, 635
610, 635
609, 635
608, 635
607, 635
606, 635
605, 635
604, 635
603, 635
602, 635
601, 635
600, 635
599, 635
598, 635
597, 635
596, 635
595, 635
594, 635
593, 635
593, 634
592, 634
591, 634
590, 634
589, 634
588, 634
588, 633
587, 633
586, 633
586, 632
585, 632
585, 631
584, 631
583, 631
583, 630
583, 629
582, 629
582, 628
582, 627
582, 626
582, 625
582, 624
582, 623
582, 622
582, 621
583, 621
583, 620
583, 619
584, 619
584, 618
585, 618
585, 617
585, 616
586, 616
586, 615
587, 615
587, 614
588, 614
588, 613
589, 613
589, 612
590, 612
591, 612
591, 611
592, 611
592, 610
593, 610
594, 610
594, 609
595, 609
595, 608
596, 608
597, 608
597, 607
598, 607
599, 607
599, 606
600, 606
601, 606
601, 605
602, 605
603, 605
604, 605
605, 605
606, 605
607, 605
608, 605
609, 605
610, 605
611, 605
612, 605
613, 605
614, 605
614, 606
615, 606
616, 606
617, 606
618, 606
619, 606
619, 607
620, 607
620, 608
621, 608
622, 608
622, 609
623, 609
623, 610
624, 610
624, 611
625, 611
625, 612
626, 612
626, 613
627, 613
627, 614
628, 614
628, 615
628, 616
629, 616
629, 617
629, 618
629, 619
630, 619
630, 620
630, 621
630, 622
630, 623
630, 624
630, 625
630, 626
630, 627
630, 628
630, 629
630, 630
630, 631
630, 632
630, 633
630, 634
630, 635
630, 636
630, 637
630, 638
630, 639
631, 639
631, 640
631, 641
631, 642
631, 643
631, 644
631, 645
631, 646
631, 647
631, 648
631, 649
631, 650
631, 651
632, 651
632, 652
632, 653
632, 654
632, 655
632, 656
632, 657
632, 658
633, 658
633, 659
633, 660
633, 661
633, 662
633, 663
633, 664
633, 665
633, 666
634, 666
634, 667
634, 668
634, 669
634, 670
634, 671
